33.91146592901186
15.200926618495014
36.747162597852856
66.29952006207178
15.91550220410464
37.37566962074802
2.4589833764101474
6.118194378225756
9.459546812787686
59.43242550423763
35.99963450377451
15.718197350169106
5.948736851200625
16.336347577942696
71.80189844141235
60.996008339351356
52.51644557732581
52.67083719441243
35.67738904421933
1.9578358290503437
28.05404076063831
24.3210717167501
33.86565385197713
4.805287068958818
33.436765505904255
48.39361601565734
45.654167710320735
56.80733250287381
36.94515623919362
28.58895210429368
15.162835294657306
15.517747118032018
6.280191202704038
70.45469595557054
32.15044400958904
65.30963303802936
7.263059941812484
39.521753552841204
16.444699377999598
11.207256881735379
36.30940510558847
32.743292158628904
12.098119491187822
34.197674414464075
7.591221469490147
45.38115585013189
40.450793948010556
15.567647995334397
36.59516642490611
11.35818812308573
20.338486345263544
6.282136738285026
62.87721261426853
68.62522551709291
36.771291035645426
2.7970861758465357
13.463106085820298
11.541693289991716
1.553536521243585
55.54281463646757
23.694941433930413
31.437856728306404
15.765042526256837
62.51981939394002
8.512430369713858
40.6333653899503
13.957774901409396
31.748183760411994
11.109251578558093
59.81749562522356
53.904536791676286
47.578903293553005
65.57272462848013
14.367683423677091
22.741647921614508
68.01671214196804
60.5996517054878
42.02883101625236
43.864709548617526
8.353116366261018
25.984897647668326
48.33341884902163
64.4157269235263
17.42909986428777
64.66434485500619
32.43771318960285
39.1437460279764
35.782395683300415
16.03929764679462
36.43888154304715
3.9614336014956457
4.404968514419805
7.047237906504361
43.28566809235553
8.264418482596781
34.85792634313319
2.542739245346573
34.50063123382341
33.06787153244031
60.928791272873674
23.325164573430456
62.626754790656804
14.603883081664646
53.03953847454635
10.701635393094632
50.27955680969536
43.19453678275979
55.23039312349975
40.44582721855131
5.690674283542111
65.8992604579814
57.11703963179055
48.85512872238971
51.876575856638375
60.99857384074996
71.15010094368522
50.254742603661015
58.538971098572574
40.58574621822728
5.840770083215796
62.3771204228538
11.84359648558026
25.975479388297195
39.41936247148404
29.785122994602187
39.28601533167604
60.57965681100747
7.2180806821237065
20.004404725468397
37.01314794186462
36.38016066116023
24.437827458027787
36.04207446955769
51.383566411916014
26.841182338986645
31.723579717535625
5.800545865105133
15.001307128296673
51.5283551863219
28.513224481844514
18.97291329408542
26.670782062163944
69.36182113146563
44.81853881166223
72.10418388968942
35.90011541326532
64.00173634685522
5.162229757655824
15.001048663433135
53.22409018130657
8.698512938275313
1.5230698767789708
52.02119467379861
24.724737088946497
37.75759533373384
21.84794351372169
5.004380492852477
34.993679748572866
53.442310736416665
29.723467511386044
63.115582877351464
61.32736026190555
47.372584464213425
52.92486118047725
39.15475180031966
11.40006708399007
64.19124203670668
64.28445666182935
48.67491454892107
13.498915682874893
46.22208411355632
34.018063534815234
28.518643225436765
34.59692455018277
63.3127363891017
38.14619825049585
38.59709354573037
1.7062965539702941
15.904975773913524
50.51025967083531
27.33020225152045
34.98540713640252
15.157414000488384
55.236943448104874
31.60493152020602
22.352309989793167
59.024904436150436
44.918693510632245
67.42968714694403
17.195297328163974
17.790333263492073
40.68240687354887
42.324865956079364
22.904973654803904
16.281268131675226
11.15651495947257
40.62373033511757
28.815084040079643
60.30824725440506
21.5733231541998
5.765907464118166
7.941254604534154
53.680533024701795
20.65393794258802
16.704383628555483
17.070421200118176
47.58200138760367
16.21728909982552
17.746061140895634
49.34197240707359
47.21213733852605
61.2353513765625
64.75524453186414
47.76902081789175
8.84755562598223
16.48501011373048
8.149367839189223
34.85452471021648
35.7847478850725
46.91200229014983
36.456279416308334
42.62723960127121
72.24503144323661
49.29838567190757
42.101805750630554
63.11755196887002
60.80220662985951
35.008324654109046
32.237608778161466
48.386436002136534
65.57037547406601
9.78950058677679
30.884365315979704
57.83513590695376
17.037688848515185
8.65050843172457
52.55718716020506
25.99939665384821
7.82427596551972
20.198942324932887
36.049009552215686
53.15190374646471
56.04578519999316
32.48803682434094
4.754847622795494
8.313416521903147
31.520369680827866
23.99895413457537
0.7632997108729762
17.044020888430897
18.454210037098704
14.693495254148853
1.9903141863392266
5.543221523773339
18.355143833250104
20.153989119551266
3.350535730660007
2.0090354726228297
32.066533506306044
21.471979687464678
31.155804675422303
0.5971068516243693
28.50175849062022
16.314172470243218
31.77852680483367
20.94819033867903
20.086205376594396
15.164346288066195
32.40753712751473
0.07206274808333292
15.931527029931514
28.4037303131581
38.85469224764058
48.67727334247425
60.54571159447348
76.43944731265303
92.70939327189912
89.63799574059799
92.61913839026654
90.86105989965822
90.71414757224254
90.68146802372158
94.04424130266081
91.22668501334206
93.45735722501098
89.69401148061411
90.70129555395559
89.36105446571085
91.50427450904023
91.64241308778054
89.05815357929418
92.42725063460061
89.43491104035664
79.30496858822774
88.84643909804048
70.81887490752153
62.78057219599995
89.26331681985509
61.39685201932677
77.16984287948695
85.33547258924324
59.97348822904261
69.27175940176754
83.21870498363438
48.12293559217106
90.84561303139711
89.52475954250049
69.24386817567948
55.70512916538623
54.384811893466086
72.53228295442894
91.54997484082152
74.23445213750782
52.075054750998994
83.39152758215137
90.87631268546157
92.01588035809085
82.24938488410172
86.80369493839466
89.46361607773437
89.40008374178583
82.12079514972679
89.06241294090702
66.89631178974425
65.47429917281217
89.9984414270051
49.370860809900485
70.97798986222865
88.84683622614006
90.05551421945441
89.51196741157125
63.41387207844627
67.01807201799228
82.92459335001428
59.7028160580479
89.4193332987763
92.52927427334568
91.54751683624406
83.30642628898467
87.43026077867533
86.4886943090988
73.01504578783906
91.16945258961843
87.26209287438215
67.48110348031021
64.03668769730872
90.50219730970255
81.98337950751706
91.28503653879372
52.90003125772277
84.27310961202664
63.971631566179184
73.81818886014116
88.97522554577225
59.037154105734295
61.7072957093942
90.4589966056135
63.33518650218585
89.11639658763438
74.44264840701517
67.76886386716137
52.60731378585
91.96877155961785
59.07309051192714
91.51138768048689
77.2701307969269
67.03794128972439
80.98339142120875
35.95877025981952
11.0587223452443
0.0
0.6973467854888183
0.0
3.752107421832825
20.01760119541979
5.508369397893086
15.891732710638092
35.472286275583954
0.7054889703283794
19.23185889639794
18.031938038233115
7.336804010498505
9.953892855786316
0.0
24.992914260422875
7.555868707908778
16.348747594621216
4.429086807757276
25.18367337532504
45.02777338914184
11.883844247806046
29.32660831626892
38.95022547463563
15.694141947201777
41.64770538586811
9.030282717885521
49.8542500616225
39.34188134044507
44.56312157343075
34.01051867984468
20.70513448535004
53.05096546684889
42.298898759689735
34.912528087531456
29.96725700073958
19.078217026295846
45.730098543042445
7.090763595699508
68.37676959017557
25.275904707426697
53.441116936727184
50.15693333654974
34.438506426983466
11.775773283018696
27.987107854814884
28.685571132431654
33.945309274733766
66.50310250720155
18.51159290450701
21.180945988461215
40.94787613538594
59.86581212609132
65.95966476485364
56.900134147878646
44.071296910209774
22.18878451288431
64.27201950646649
67.8893102235136
70.40423692773416
67.80335160921783
8.393841417214608
41.58766764110857
54.6845719765907
54.09038086575462
32.58729242187003
28.860457922331907
50.76471711317205
66.66943150504946
27.86681537915063
41.61596768522986
50.41185842164762
11.443817087370546
66.95496464100881
53.95188795844574
42.26279453296613
45.60539250297511
45.54160634668913
26.579320989269096
11.55999524019336
27.143268694854804
60.33390654298931
25.4731850578493
63.41354230136406
39.90572978718361
13.8377735743287
56.89444941862834
40.251979652593015
39.96173356203223
62.16775059768762
25.98650903028446
64.34520311431814
44.41292731166698
19.489800516722333
18.898011701211917
28.73099135341611
16.948775767748142
57.31213715795472
63.588421878857176
9.294471652835565
42.60592250496102
18.482101936309416
56.54831434018545
11.511355769314505
21.929407774851963
65.72981823911928
19.7752658955938
61.41098427670975
44.51048554556876
28.680869573235626
55.88892157259554
48.02506755037225
27.613482068018026
56.93049350938498
61.3508514362372
50.31209753274604
36.830664643724305
57.28043016601868
39.28632040254337
35.034872770920195
45.8862146584876
40.53041989864209
32.169424091517996
54.59533710976259
41.09439881095722
28.57383163117448
45.954182313856
69.27827168936551
39.58177835883491
56.35193055212993
