10.558051765993849
11.531577959518685
11.180779418024814
8.363282613353363
12.205029173897787
10.635899463608633
11.575009337230709
12.348760975599188
11.21201433688482
9.040496569022604
10.97202622720606
10.703963740930536
11.501068935583627
11.25454321745506
8.686305230263741
9.368472517566877
9.65889909120456
9.060691093820092
11.508831242187043
13.255414183273569
10.174351402030075
11.877375312368184
10.392253727216584
12.059087255912681
10.706114540123494
8.52784219104901
10.911327762091183
9.991291611847481
10.354359945271593
9.940020657375118
13.021137879519825
11.97006101251102
13.754290164228982
7.468101142290417
10.719354776294336
7.452802618042464
12.995851024668362
10.810343943023181
11.534054882306398
12.334356511175391
9.280664094444582
11.470908183936459
10.98430475653805
9.461037509862617
11.185646858658378
9.0835145727672
10.456597508703291
12.3992910009733
11.004490440577914
12.186176664071136
11.587371254262592
13.084363359285197
8.327039999076257
8.755653099923295
10.957115636887458
12.108604703012052
10.786033943532107
12.414829106065941
13.403053465650931
8.300480816523493
10.287410013319006
9.89289151504435
12.670618980425598
9.385008848877186
11.169036471227617
11.03084708918513
10.55325102819415
11.402436536268267
11.062070266450872
8.490354937937182
8.722447280904893
10.322679188693664
7.647343828480256
10.848990893667464
11.201288796443356
8.85258726552399
8.820320388908314
10.848073079813407
11.170975336461176
10.930363696290728
11.649226434163712
10.502374265371332
8.282192261244058
12.087164186174242
8.44529144815974
11.525816892931402
9.473968241615244
10.779486460807954
12.581388720029192
11.218755644532328
13.251074511624438
14.033074123313927
12.25912307320686
10.114827175680432
12.242158506960845
10.489466073420061
13.905479324654662
10.08513899105739
10.405683364263554
8.68156509963705
10.957012544207458
9.370732635283083
10.877940951904971
8.925736955752267
11.14592149223238
9.892890457434968
10.998576810959095
9.450128378754789
11.368521729837866
13.394410427256249
7.979354361359203
9.450735386713289
9.560190258264454
9.7366196686485
7.879764897614269
8.750691348335216
8.395372317974248
8.71190453380606
11.374576792638937
12.039825533768607
8.266403119685055
12.034364894958452
10.685021776575685
9.371741365919995
10.712019475106146
9.427417783252887
9.415319119356564
12.018340137898102
12.701426789093441
10.634331373208198
9.255148746686107
11.292650711377986
10.546552418022133
9.229394542075717
9.876309071432583
10.096883621061782
12.757949846230614
12.53043207396919
9.203020474725776
10.252514607456009
10.63003382596911
10.425522394512516
7.995872397775427
10.32252349057136
7.282657183656484
11.568137850983819
8.72861480033209
11.689373493364313
11.712679416530934
9.035146647694205
12.60883324684348
11.765871761315436
8.26625257628149
12.243361848223236
10.043976553643809
11.324534403647368
11.547645310631937
10.531135314863871
9.371415684921606
11.109858135393713
7.830542220188281
7.779310074232386
9.206672796571999
9.561899952900328
9.455276606607342
11.036128188423511
9.443188455215687
7.9801751215466155
8.625733408220244
11.338596732449735
8.81113441785733
10.61647546561008
11.259226276159513
11.346880638772566
8.278721192668362
11.106209011450545
10.170680097970894
13.080236062547224
10.509597143509529
9.486985930160529
12.101694245864175
11.147648846118251
12.739362420842031
8.982055712005248
10.854919952465538
11.72401900326511
8.007254469809709
10.120010952465465
8.491430293070747
10.846359881995632
12.97450502852686
10.39864185991565
10.850293797858441
12.578535309656974
10.962741502665294
11.81418972989328
11.237933956259353
12.121911852259878
7.6924428266059675
11.059420957822566
13.808275730645923
12.964967000751702
10.25316840457786
12.4924128820437
11.927905640045257
11.741819734437078
9.338928507156213
11.795105567674302
12.121763290677773
9.899684463592612
10.557883707544798
8.850618716244732
7.41987284419131
9.661784749101841
12.07468152953608
12.391556716479819
12.939674339975943
11.208233201411236
9.645388214560088
8.958949759532405
9.23846078514901
9.291193655867861
7.284397359804055
9.44307110035904
9.655679022028984
8.643129124076966
8.422428714396512
10.301864674612133
10.11185217062752
10.73055018474413
7.611806410639872
11.106172559697253
10.55428663404556
9.91980234694041
12.613767268028104
12.179032080663465
10.419348989699246
12.59095421044126
13.74634153980517
10.36985966146339
11.466723264845966
10.022484103510275
7.233058318661003
24.273871089759282
31.71145965962649
34.36468610495066
33.20034081949241
33.62818220094755
33.97781538544354
37.61733853066031
32.2191705887067
35.046678115860615
37.92310671189861
37.032702308307684
32.727893784882134
37.548665069334156
38.008881521492434
35.55562446226009
37.71566921638094
39.46684119237617
37.56221787678187
32.647674766549024
32.367804036910364
32.206709380800554
33.080559448371716
33.47218881390272
32.53929729452451
33.0536711403353
36.27331756236197
30.02374129150331
29.98167709991498
33.15245636643488
20.464702963309175
22.739680954331604
17.319268941629204
20.56123994474508
9.216462385238888
13.861065334654525
8.221486493524086
11.81702166440707
14.661767164249696
11.452025133439092
7.652009247831318
9.436371716815769
7.203509991380935
9.16364611712719
11.58254091727776
9.97833149049716
13.97009148475047
14.162693594286374
13.891813289550306
9.813452930509172
13.721654470194311
9.758785070324258
8.986431112001695
11.319472639491924
10.38583872803567
12.339668594970577
9.250288292820608
8.99441272236271
10.972556134550048
11.32952113266304
10.455951423808562
10.486785944166838
11.391732593102482
10.28860143687316
16.07739541504929
11.458547894793602
9.638055656779443
9.896674897363617
11.701169264463443
9.582111938121942
11.643266943358764
10.470929522857437
10.794384383669259
13.871944261521191
12.119691148861115
9.920171554208721
10.18399486349044
10.088066608578687
12.859424081513994
11.05511766737241
10.508133563505618
11.576158307929504
11.928175925081971
10.905093745984745
10.92558360985303
11.460412842567205
10.134017988116147
9.83447633648841
11.626756704925128
11.028251035782274
11.967758631979146
11.851928734888936
10.065884343027722
14.237758499982641
11.306328507596874
14.12337810394736
10.885541835290695
10.986515393454566
11.998777054632587
9.750328455350912
12.488639978436485
9.82366894903169
11.975808955960897
10.66684790656541
11.370837386973646
10.359113821107922
13.764467280708
11.389164604721296
10.81122320570937
11.631354769190223
9.633126095293715
10.485245930366627
9.685053897746156
11.099909068114309
12.270557537675664
9.793866822784826
13.903009200440485
9.7855491303659
9.333864398374084
9.355410831516842
11.422432587540388
9.4416155277014
12.179137180137149
11.329184199347202
9.705957449632491
8.231897833137086
18.326528207120685
33.97219916595517
39.197182916557736
34.60913572661978
36.58630754681605
34.58643490572259
38.35035302107633
39.29451070729877
34.752750174228275
36.985915578618204
31.92023355056127
39.524395748967535
32.391093850781076
37.1804444537274
33.000973786666805
32.56313679440089
32.207178533182216
37.23769712080531
30.631751794691464
35.02373912518428
34.69387160432246
28.01187259174139
27.46589145729553
22.195095462018728
20.84687388484182
19.760901641071435
18.42280993553674
16.90853988789115
12.632960212397895
13.671262854200164
10.028529904882255
7.698453449844218
6.485878275627856
7.843005525207056
8.243078905383243
9.156601225372455
10.80137085478887
8.19716541954482
7.834113833883709
9.563631260744053
9.467567113720047
8.792661177507206
9.743024650044772
8.865987132263296
8.77458867614384
9.7145580970678
8.427784493757162
10.037706420599704
10.30455087152868
7.951762541398919
8.133091585797974
9.328391003742196
8.647957889993386
9.1438764538376
9.260326135217275
8.198756710176614
9.243182929764606
8.894518396508213
7.501997206427502
8.228706784169052
8.589707719889697
7.037294435780218
8.235893844431667
8.598129988425233
8.500315067872753
9.147760212799104
8.151679478649553
7.24044982036763
9.225345473105786
7.629884247713406
7.112373451733765
8.155722994244575
8.524694956495047
9.725869543418044
7.647624236416798
8.153062844997114
7.250210022207735
8.807806673686219
7.8775708436377005
7.892909473227235
7.7088377138227795
8.519659994902902
7.148537489698729
7.521564588707161
9.193025997715282
8.283239430017316
8.782930205263176
8.672988933623916
7.842299993390878
7.216554311646306
8.53155091605909
6.985321440345577
8.13388041234323
8.450140587157101
7.647940556110063
8.331345124389088
8.415439210817151
7.982512352065042
7.859539071300343
8.058040475416963
8.739044424206753
8.659009058426541
7.969224958364242
7.62777127371997
8.09279626700397
7.789536957790492
8.381411550526181
8.659715912180504
8.985131432415681
8.153820798362798
8.560543563298383
7.912058430602203
7.306724547718876
8.110060364206742
7.635189258912
7.679137853256464
7.853514915004531
7.37903091935617
9.845925713498392
8.163797443700686
8.64983551798706
8.249182065761572
7.3466461396137
7.756544478367717
8.792324445613131
8.669449291666709
8.125313723106244
9.633250426103041
6.89809409492499
7.554565728499062
8.98264531565699
