-27.021352812569614
-24.634674404833248
-28.27357326254999
-30.55338791589724
-26.05292895745547
-27.513899408556973
-22.70254602014554
-24.304996686016516
-24.0066252628715
-29.892079508295588
-27.85939744326118
-23.99669849349769
-22.967271919923256
-24.887143401915793
-32.38173716562508
-30.6044273232906
-29.47864420914255
-29.059274257414224
-28.623466609765302
-24.18841746266839
-26.187912596559656
-27.100952786491415
-27.26739550680986
-23.203612294428495
-26.854361815446865
-28.09274146037367
-29.508936147070543
-30.714936130925626
-27.176496029518745
-25.70424128655013
-26.668303699370796
-25.584272246517827
-25.345534789596925
-30.784248656559225
-26.86994385307495
-29.683786438776128
-24.625450298327944
-28.655592912403332
-25.316897659847513
-25.16845494923978
-26.49833976618642
-28.082816646763593
-23.629688751899533
-26.27967466306844
-23.262018853264184
-28.031275529580427
-28.367823798327226
-25.892475837343017
-27.79166075103746
-25.283384454885706
-26.012479871586763
-25.085570468893405
-30.51371230132132
-31.935382394433947
-27.843151974339353
-23.04609005264725
-23.8453058659261
-25.130587685516982
-24.111111144530604
-28.685340213474092
-25.28947520676791
-25.71792369884934
-26.320091800710365
-31.25999019645168
-23.321995193017553
-28.99596761748009
-24.089291336195593
-27.489587168388482
-23.527320660442957
-29.41905570212495
-28.770970638179683
-29.593453132854364
-30.076080440653783
-24.52633786241364
-25.727239884498214
-31.6659922085329
-30.371293411318305
-29.189517160870768
-29.263067695732083
-23.509781482721188
-26.650471503887523
-29.997922854407083
-30.204479109696365
-25.5556345004483
-30.7257061001129
-28.02448095457496
-26.84190627202363
-27.396484856381857
-26.394019694034107
-28.238691224487756
-24.325613768096062
-25.145287459057368
-24.409437954523124
-28.766203595772545
-24.481347602050676
-27.078077952594164
-25.060011213457074
-26.906146772608135
-26.511181489617936
-27.021352812569614
-24.634674404833248
-28.27357326254999
-30.55338791589724
-26.05292895745547
-27.513899408556973
-22.70254602014554
-24.304996686016516
-24.0066252628715
-29.892079508295588
-27.85939744326118
-23.99669849349769
-22.967271919923256
-24.887143401915793
-32.38173716562508
-30.6044273232906
-29.47864420914255
-29.059274257414224
-28.623466609765302
-24.18841746266839
-26.187912596559656
-27.100952786491415
-27.26739550680986
-23.203612294428495
-26.854361815446865
-28.09274146037367
-29.508936147070543
-30.714936130925626
-27.176496029518745
-25.70424128655013
-26.668303699370796
-25.584272246517827
-25.345534789596925
-30.784248656559225
-26.86994385307495
-29.683786438776128
-24.625450298327944
-28.655592912403332
-25.316897659847513
-25.16845494923978
-26.49833976618642
-28.082816646763593
-23.629688751899533
-26.27967466306844
-23.262018853264184
-28.031275529580427
-28.367823798327226
-25.892475837343017
-27.79166075103746
-25.283384454885706
-26.012479871586763
-25.085570468893405
-30.51371230132132
-31.935382394433947
-27.843151974339353
-23.04609005264725
-23.8453058659261
-25.130587685516982
-24.111111144530604
-28.685340213474092
-25.28947520676791
-25.71792369884934
-26.320091800710365
-31.25999019645168
-23.321995193017553
-28.99596761748009
-24.089291336195593
-27.489587168388482
-23.527320660442957
-29.41905570212495
-28.770970638179683
-29.593453132854364
-30.076080440653783
-24.52633786241364
-25.727239884498214
-31.6659922085329
-30.371293411318305
-29.189517160870768
-29.263067695732083
-23.509781482721188
-26.650471503887523
-29.997922854407083
-30.204479109696365
-25.5556345004483
-30.7257061001129
-28.02448095457496
-26.84190627202363
-27.396484856381857
-26.394019694034107
-28.238691224487756
-24.325613768096062
-25.145287459057368
-24.409437954523124
-28.766203595772545
-24.481347602050676
-27.078077952594164
-25.060011213457074
-26.906146772608135
-26.511181489617936
-29.643901706412453
-25.98397253578856
-31.283587225009843
-23.81622772237258
-29.434215254757653
-23.449723459845632
-29.264213594885163
-29.630372400010458
-29.554500857485515
-29.250372587508608
-25.469623410181697
-29.803732197993064
-30.184196511325624
-29.372230512813076
-29.390379766862065
-29.008064468632796
-32.3171024118289
-28.200262362551484
-30.129778677972205
-29.229000157739392
-23.865404532732647
-29.60908378481308
-24.77872030791984
-25.572247583627494
-27.012893607733517
-26.953704492387093
-26.91615917402371
-30.556506871868347
-23.954483446537708
-26.99782142263338
-27.53169849486472
-26.54474174174738
-26.325742410567777
-27.71232569832665
-28.81236038630329
-25.03345530145519
-26.19814010872799
-24.088565790371604
-25.787377356863175
-28.857789536932017
-26.059480472330165
-24.854075376642214
-25.859443234854115
-31.31165499250611
-29.04674061688516
-31.38133085600147
-28.53078490344853
-31.00895906705599
-23.424726582597238
-25.12680875064308
-29.034444743489146
-24.885228252408485
-22.536120989372165
-28.30955689470577
-27.407573618403596
-27.627649036632786
-26.298213304027172
-22.88248315721301
-27.019663752975696
-29.102353410625305
-27.179500100155252
-29.97625942548866
-29.330770248170552
-28.465737518652087
-29.665896793301588
-26.87421050807449
-24.24646181095767
-31.718698718572654
-30.293500004987003
-27.76306815458247
-24.731058025544023
-27.5983875866361
-26.944392452472012
-27.025189782562478
-28.160934003840243
-30.610760403947147
-28.29700534279872
-27.357692774900773
-23.699511561287643
-24.186692824733505
-29.27756289241985
-27.520666832116532
-27.68182253959723
-26.254992091164414
-29.948538536628032
-27.468296438814185
-25.929466636339278
-28.98161725266803
-28.569612610351122
-30.901953529580172
-24.597294674233275
-26.764985101218645
-28.455367311346464
-29.153273213423873
-27.124599385103295
-24.46637170867186
-24.918126862477926
-29.45995803364686
-27.492911733431697
-28.664467181312308
-27.021352812569614
-24.634674404833248
-28.27357326254999
-30.55338791589724
-26.05292895745547
-27.513899408556973
-22.70254602014554
-24.304996686016516
-24.0066252628715
-29.892079508295588
-27.85939744326118
-23.99669849349769
-22.967271919923256
-24.887143401915793
-32.38173716562508
-30.6044273232906
-29.47864420914255
-29.059274257414224
-28.623466609765302
-24.18841746266839
-26.187912596559656
-27.100952786491415
-27.26739550680986
-23.203612294428495
-26.854361815446865
-28.09274146037367
-29.508936147070543
-30.714936130925626
-27.176496029518745
-25.70424128655013
-26.668303699370796
-25.584272246517827
-25.345534789596925
-30.784248656559225
-26.86994385307495
-29.683786438776128
-24.625450298327944
-28.655592912403332
-25.316897659847513
-25.16845494923978
-26.49833976618642
-28.082816646763593
-23.629688751899533
-26.27967466306844
-23.262018853264184
-28.031275529580427
-28.367823798327226
-25.892475837343017
-27.79166075103746
-25.283384454885706
-26.012479871586763
-25.085570468893405
-30.51371230132132
-31.935382394433947
-27.843151974339353
-23.04609005264725
-23.8453058659261
-25.130587685516982
-24.111111144530604
-28.685340213474092
-25.28947520676791
-25.71792369884934
-26.320091800710365
-31.25999019645168
-23.321995193017553
-28.99596761748009
-24.089291336195593
-27.489587168388482
-23.527320660442957
-29.41905570212495
-28.770970638179683
-29.593453132854364
-30.076080440653783
-24.52633786241364
-25.727239884498214
-31.6659922085329
-30.371293411318305
-29.189517160870768
-29.263067695732083
-23.509781482721188
-26.650471503887523
-29.997922854407083
-30.204479109696365
-25.5556345004483
-30.7257061001129
-28.02448095457496
-26.84190627202363
-27.396484856381857
-26.394019694034107
-28.238691224487756
-24.325613768096062
-25.145287459057368
-24.409437954523124
-28.766203595772545
-24.481347602050676
-27.078077952594164
-25.060011213457074
-26.906146772608135
-26.511181489617936
-29.643901706412453
-25.98397253578856
-31.283587225009843
-23.81622772237258
-29.434215254757653
-23.449723459845632
-29.264213594885163
-29.630372400010458
-29.554500857485515
-29.250372587508608
-25.469623410181697
-29.803732197993064
-30.184196511325624
-29.372230512813076
-29.390379766862065
-29.008064468632796
-32.3171024118289
-28.200262362551484
-30.129778677972205
-29.229000157739392
-23.865404532732647
-29.60908378481308
-24.77872030791984
-25.572247583627494
-27.012893607733517
-26.953704492387093
-26.91615917402371
-30.556506871868347
-23.954483446537708
-26.99782142263338
-27.53169849486472
-26.54474174174738
-26.325742410567777
-27.71232569832665
-28.81236038630329
-25.03345530145519
-26.19814010872799
-24.088565790371604
-25.787377356863175
-28.857789536932017
-26.059480472330165
-24.854075376642214
-25.859443234854115
-31.31165499250611
-29.04674061688516
-31.38133085600147
-28.53078490344853
-31.00895906705599
-23.424726582597238
-25.12680875064308
-29.034444743489146
-24.885228252408485
-22.536120989372165
-28.30955689470577
-27.407573618403596
-27.627649036632786
-26.298213304027172
-22.88248315721301
-27.019663752975696
-29.102353410625305
-27.179500100155252
-29.97625942548866
-29.330770248170552
-28.465737518652087
-29.665896793301588
-26.87421050807449
-24.24646181095767
-31.718698718572654
-30.293500004987003
-27.76306815458247
-24.731058025544023
-27.5983875866361
-26.944392452472012
-27.025189782562478
-28.160934003840243
-30.610760403947147
-28.29700534279872
-27.357692774900773
-23.699511561287643
-24.186692824733505
-29.27756289241985
-27.520666832116532
-27.68182253959723
-26.254992091164414
-29.948538536628032
-27.468296438814185
-25.929466636339278
-28.98161725266803
-28.569612610351122
-30.901953529580172
-24.597294674233275
-26.764985101218645
-28.455367311346464
-29.153273213423873
-27.124599385103295
-24.46637170867186
-24.918126862477926
-29.45995803364686
-27.492911733431697
-28.664467181312308
-25.8667209881023
-25.83250003360304
-24.677574038868364
-30.64375356287691
-26.557002661405765
-25.648818781400045
-25.820468452051166
-28.120226054026105
-25.75459179718858
-25.544640730637113
-29.387188880860123
-29.171304319722083
-30.091262731252513
-30.119504241987467
-29.267350443574202
-24.620874314399696
-25.92481342021152
-25.259576025421985
-28.347537109842424
-26.739426277813827
-28.155113157772522
-26.573749419302658
-27.84672484147102
-31.250461806115688
-28.591599851404986
-28.03034869025486
-30.352905635196215
-29.432428734377496
-27.352900842022034
-26.166329834471043
-29.52806414092619
-30.2983671238836
-23.43163740002677
-27.15495287260823
-30.694206618505532
-26.392612746966073
-24.540169243181328
-30.420610295105682
-27.732538223263106
-25.96700503997701
-24.427521459619005
-28.660817374680747
-30.38401536014091
-27.35007138228717
-40.39302251778235
-42.91673264223478
-46.32019639839855
-49.19105125062008
-48.30214482025458
-44.937257779846
-51.6059664306752
-46.12410408345459
-48.626332482994314
-49.54555386121738
-48.47192588268938
-46.596815598925375
-52.54318409034455
-49.936016881843805
-46.89187344796055
-53.645016983616806
-54.13597509139126
-53.38530388332151
-43.49386551237066
-48.183722871138094
-45.95543237018887
-49.222146936901375
-48.08704050933866
-46.47999049506885
-46.13946148991655
-52.23549629733906
-40.33555460393994
-43.07541099171964
-48.4146655579802
-37.55861699776597
-41.53576567200036
-38.18929574178284
-44.2236262712656
-35.667204621088544
-39.50861330951486
-34.150392511957406
-37.1623222767453
-39.798184804585844
-36.4840603510061
-33.02625965788435
-34.43356835516434
-34.47191430818458
-33.91229509898641
-36.32528524287028
-33.966759059981925
-38.83405683333387
-39.0250744257303
-38.260259713843574
-37.3275444501801
-38.09795933027054
-34.90668817854157
-36.121967668909015
-34.41611309686712
-32.223183033038744
-36.57845323356562
-31.276843439413106
-27.021352812569614
-24.634674404833248
-28.27357326254999
-30.55338791589724
-26.05292895745547
-27.513899408556973
-22.70254602014554
-24.304996686016516
-24.0066252628715
-29.892079508295588
-27.85939744326118
-23.99669849349769
-22.967271919923256
-24.887143401915793
-32.38173716562508
-30.6044273232906
-29.47864420914255
-29.059274257414224
-28.623466609765302
-24.18841746266839
-26.187912596559656
-27.100952786491415
-27.26739550680986
-23.203612294428495
-26.854361815446865
-28.09274146037367
-29.508936147070543
-30.714936130925626
-27.176496029518745
-25.70424128655013
-26.668303699370796
-25.584272246517827
-25.345534789596925
-30.784248656559225
-26.86994385307495
-29.683786438776128
-24.625450298327944
-28.655592912403332
-25.316897659847513
-25.16845494923978
-26.49833976618642
-28.082816646763593
-23.629688751899533
-26.27967466306844
-23.262018853264184
-28.031275529580427
-28.367823798327226
-25.892475837343017
-27.79166075103746
-25.283384454885706
-26.012479871586763
-25.085570468893405
-30.51371230132132
-31.935382394433947
-27.843151974339353
-23.04609005264725
-23.8453058659261
-25.130587685516982
-24.111111144530604
-28.685340213474092
-25.28947520676791
-25.71792369884934
-26.320091800710365
-31.25999019645168
-23.321995193017553
-28.99596761748009
-24.089291336195593
-27.489587168388482
-23.527320660442957
-29.41905570212495
-28.770970638179683
-29.593453132854364
-30.076080440653783
-24.52633786241364
-25.727239884498214
-31.6659922085329
-30.371293411318305
-29.189517160870768
-29.263067695732083
-23.509781482721188
-26.650471503887523
-29.997922854407083
-30.204479109696365
-25.5556345004483
-30.7257061001129
-28.02448095457496
-26.84190627202363
-27.396484856381857
-26.394019694034107
-28.238691224487756
-24.325613768096062
-25.145287459057368
-24.409437954523124
-28.766203595772545
-24.481347602050676
-27.078077952594164
-25.060011213457074
-26.906146772608135
-26.511181489617936
-29.643901706412453
-25.98397253578856
-31.283587225009843
-23.81622772237258
-29.434215254757653
-23.449723459845632
-29.264213594885163
-29.630372400010458
-29.554500857485515
-29.250372587508608
-25.469623410181697
-29.803732197993064
-30.184196511325624
-29.372230512813076
-29.390379766862065
-29.008064468632796
-32.3171024118289
-28.200262362551484
-30.129778677972205
-29.229000157739392
-23.865404532732647
-29.60908378481308
-24.77872030791984
-25.572247583627494
-27.012893607733517
-26.953704492387093
-26.91615917402371
-30.556506871868347
-23.954483446537708
-26.99782142263338
-27.53169849486472
-26.54474174174738
-26.325742410567777
-27.71232569832665
-28.81236038630329
-25.03345530145519
-26.19814010872799
-24.088565790371604
-25.787377356863175
-28.857789536932017
-26.059480472330165
-24.854075376642214
-25.859443234854115
-31.31165499250611
-29.04674061688516
-31.38133085600147
-28.53078490344853
-31.00895906705599
-23.424726582597238
-25.12680875064308
-29.034444743489146
-24.885228252408485
-22.536120989372165
-28.30955689470577
-27.407573618403596
-27.627649036632786
-26.298213304027172
-22.88248315721301
-27.019663752975696
-29.102353410625305
-27.179500100155252
-29.97625942548866
-29.330770248170552
-28.465737518652087
-29.665896793301588
-26.87421050807449
-24.24646181095767
-31.718698718572654
-30.293500004987003
-27.76306815458247
-24.731058025544023
-27.5983875866361
-26.944392452472012
-27.025189782562478
-28.160934003840243
-30.610760403947147
-28.29700534279872
-27.357692774900773
-23.699511561287643
-24.186692824733505
-29.27756289241985
-27.520666832116532
-27.68182253959723
-26.254992091164414
-29.948538536628032
-27.468296438814185
-25.929466636339278
-28.98161725266803
-28.569612610351122
-30.901953529580172
-24.597294674233275
-26.764985101218645
-28.455367311346464
-29.153273213423873
-27.124599385103295
-24.46637170867186
-24.918126862477926
-29.45995803364686
-27.492911733431697
-28.664467181312308
-25.8667209881023
-25.83250003360304
-24.677574038868364
-30.64375356287691
-26.557002661405765
-25.648818781400045
-25.820468452051166
-28.120226054026105
-25.75459179718858
-25.544640730637113
-29.387188880860123
-29.171304319722083
-30.091262731252513
-30.119504241987467
-29.267350443574202
-24.620874314399696
-25.92481342021152
-25.259576025421985
-28.347537109842424
-26.739426277813827
-28.155113157772522
-26.573749419302658
-27.84672484147102
-31.250461806115688
-28.591599851404986
-28.03034869025486
-30.352905635196215
-29.432428734377496
-27.352900842022034
-26.166329834471043
-29.52806414092619
-30.2983671238836
-23.43163740002677
-27.15495287260823
-30.694206618505532
-26.392612746966073
-24.540169243181328
-30.420610295105682
-27.732538223263106
-25.96700503997701
-24.427521459619005
-28.660817374680747
-30.38401536014091
-27.35007138228717
-40.39302251778235
-42.91673264223478
-46.32019639839855
-49.19105125062008
-48.30214482025458
-44.937257779846
-51.6059664306752
-46.12410408345459
-48.626332482994314
-49.54555386121738
-48.47192588268938
-46.596815598925375
-52.54318409034455
-49.936016881843805
-46.89187344796055
-53.645016983616806
-54.13597509139126
-53.38530388332151
-43.49386551237066
-48.183722871138094
-45.95543237018887
-49.222146936901375
-48.08704050933866
-46.47999049506885
-46.13946148991655
-52.23549629733906
-40.33555460393994
-43.07541099171964
-48.4146655579802
-37.55861699776597
-41.53576567200036
-38.18929574178284
-44.2236262712656
-35.667204621088544
-39.50861330951486
-34.150392511957406
-37.1623222767453
-39.798184804585844
-36.4840603510061
-33.02625965788435
-34.43356835516434
-34.47191430818458
-33.91229509898641
-36.32528524287028
-33.966759059981925
-38.83405683333387
-39.0250744257303
-38.260259713843574
-37.3275444501801
-38.09795933027054
-34.90668817854157
-36.121967668909015
-34.41611309686712
-32.223183033038744
-36.57845323356562
-31.276843439413106
-33.97826391661977
-36.725399987748716
-32.33333591242903
-33.40127326381246
-35.680812475894776
-30.15720212621096
-34.85567814582179
-40.271404974593864
-34.121929309728316
-30.38832160814669
-30.314792726801617
-34.90503307820041
-36.8384687201827
-35.057286694500206
-30.32669246255279
-36.17960924486775
-38.2528736876552
-35.64182601863187
-35.16975765432894
-36.22497748173566
-36.77091192285987
-37.59416338108405
-36.01247569451236
-33.212912909838494
-33.68841551701588
-33.68890588051278
-36.14050877865306
-29.92503030527434
-34.31850280238147
-36.60063502123527
-36.65309044775829
-36.87550437068211
-32.5767617201169
-33.96393584611617
-36.83421814752021
-31.356695232448217
-39.14263521797967
-38.03402344421466
-38.57528502410217
-35.74272105121781
-36.98307228151419
-37.44980818690573
-33.5115515702889
-36.643706313952606
-36.117334257608405
-34.07679723616026
-32.392264399457446
-36.75911687942575
-35.435439757965895
-38.17753989665447
-31.08543990357162
-35.82803031250408
-33.16515848607184
-33.481779716987326
-36.74673756180255
-30.99151328483206
-32.23330917655858
-35.65415488113787
-31.796049757717864
-38.234902375589996
-33.346399670104404
-31.997425830306597
-29.182066034416867
-34.63193136309196
-30.678885964599452
-36.67164432265822
-35.136915787766945
-32.00119273501442
-33.15703555531596
-35.271232691047985
-46.22633804210341
-50.23000057390209
-46.07902955537299
-47.28767970219839
-46.597343514528255
-53.13530198974689
-51.25973131532549
-48.82462820740584
-53.756350464567205
-43.06464339184399
-53.81678326565485
-46.390409827352514
-48.9714536106607
-45.316417084758015
-43.087369555051
-47.014683711806654
-48.85473581362868
-43.98807199611195
-46.25637466098139
-49.53766221537806
-46.33678731727137
-39.870206705401415
-37.63007018531067
-38.03790335293645
-32.807775928698106
-36.21027312459722
-28.844206593598706
-32.329864406876005
-31.128811700639663
-29.105915734644082
-27.021352812569614
-24.634674404833248
-28.27357326254999
-30.55338791589724
-26.05292895745547
-27.513899408556973
-22.70254602014554
-24.304996686016516
-24.0066252628715
-29.892079508295588
-27.85939744326118
-23.99669849349769
-22.967271919923256
-24.887143401915793
-32.38173716562508
-30.6044273232906
-29.47864420914255
-29.059274257414224
-28.623466609765302
-24.18841746266839
-26.187912596559656
-27.100952786491415
-27.26739550680986
-23.203612294428495
-26.854361815446865
-28.09274146037367
-29.508936147070543
-30.714936130925626
-27.176496029518745
-25.70424128655013
-26.668303699370796
-25.584272246517827
-25.345534789596925
-30.784248656559225
-26.86994385307495
-29.683786438776128
-24.625450298327944
-28.655592912403332
-25.316897659847513
-25.16845494923978
-26.49833976618642
-28.082816646763593
-23.629688751899533
-26.27967466306844
-23.262018853264184
-28.031275529580427
-28.367823798327226
-25.892475837343017
-27.79166075103746
-25.283384454885706
-26.012479871586763
-25.085570468893405
-30.51371230132132
-31.935382394433947
-27.843151974339353
-23.04609005264725
-23.8453058659261
-25.130587685516982
-24.111111144530604
-28.685340213474092
-25.28947520676791
-25.71792369884934
-26.320091800710365
-31.25999019645168
-23.321995193017553
-28.99596761748009
-24.089291336195593
-27.489587168388482
-23.527320660442957
-29.41905570212495
-28.770970638179683
-29.593453132854364
-30.076080440653783
-24.52633786241364
-25.727239884498214
-31.6659922085329
-30.371293411318305
-29.189517160870768
-29.263067695732083
-23.509781482721188
-26.650471503887523
-29.997922854407083
-30.204479109696365
-25.5556345004483
-30.7257061001129
-28.02448095457496
-26.84190627202363
-27.396484856381857
-26.394019694034107
-28.238691224487756
-24.325613768096062
-25.145287459057368
-24.409437954523124
-28.766203595772545
-24.481347602050676
-27.078077952594164
-25.060011213457074
-26.906146772608135
-26.511181489617936
-29.643901706412453
-25.98397253578856
-31.283587225009843
-23.81622772237258
-29.434215254757653
-23.449723459845632
-29.264213594885163
-29.630372400010458
-29.554500857485515
-29.250372587508608
-25.469623410181697
-29.803732197993064
-30.184196511325624
-29.372230512813076
-29.390379766862065
-29.008064468632796
-32.3171024118289
-28.200262362551484
-30.129778677972205
-29.229000157739392
-23.865404532732647
-29.60908378481308
-24.77872030791984
-25.572247583627494
-27.012893607733517
-26.953704492387093
-26.91615917402371
-30.556506871868347
-23.954483446537708
-26.99782142263338
-27.53169849486472
-26.54474174174738
-26.325742410567777
-27.71232569832665
-28.81236038630329
-25.03345530145519
-26.19814010872799
-24.088565790371604
-25.787377356863175
-28.857789536932017
-26.059480472330165
-24.854075376642214
-25.859443234854115
-31.31165499250611
-29.04674061688516
-31.38133085600147
-28.53078490344853
-31.00895906705599
-23.424726582597238
-25.12680875064308
-29.034444743489146
-24.885228252408485
-22.536120989372165
-28.30955689470577
-27.407573618403596
-27.627649036632786
-26.298213304027172
-22.88248315721301
-27.019663752975696
-29.102353410625305
-27.179500100155252
-29.97625942548866
-29.330770248170552
-28.465737518652087
-29.665896793301588
-26.87421050807449
-24.24646181095767
-31.718698718572654
-30.293500004987003
-27.76306815458247
-24.731058025544023
-27.5983875866361
-26.944392452472012
-27.025189782562478
-28.160934003840243
-30.610760403947147
-28.29700534279872
-27.357692774900773
-23.699511561287643
-24.186692824733505
-29.27756289241985
-27.520666832116532
-27.68182253959723
-26.254992091164414
-29.948538536628032
-27.468296438814185
-25.929466636339278
-28.98161725266803
-28.569612610351122
-30.901953529580172
-24.597294674233275
-26.764985101218645
-28.455367311346464
-29.153273213423873
-27.124599385103295
-24.46637170867186
-24.918126862477926
-29.45995803364686
-27.492911733431697
-28.664467181312308
-25.8667209881023
-25.83250003360304
-24.677574038868364
-30.64375356287691
-26.557002661405765
-25.648818781400045
-25.820468452051166
-28.120226054026105
-25.75459179718858
-25.544640730637113
-29.387188880860123
-29.171304319722083
-30.091262731252513
-30.119504241987467
-29.267350443574202
-24.620874314399696
-25.92481342021152
-25.259576025421985
-28.347537109842424
-26.739426277813827
-28.155113157772522
-26.573749419302658
-27.84672484147102
-31.250461806115688
-28.591599851404986
-28.03034869025486
-30.352905635196215
-29.432428734377496
-27.352900842022034
-26.166329834471043
-29.52806414092619
-30.2983671238836
-23.43163740002677
-27.15495287260823
-30.694206618505532
-26.392612746966073
-24.540169243181328
-30.420610295105682
-27.732538223263106
-25.96700503997701
-24.427521459619005
-28.660817374680747
-30.38401536014091
-27.35007138228717
-40.39302251778235
-42.91673264223478
-46.32019639839855
-49.19105125062008
-48.30214482025458
-44.937257779846
-51.6059664306752
-46.12410408345459
-48.626332482994314
-49.54555386121738
-48.47192588268938
-46.596815598925375
-52.54318409034455
-49.936016881843805
-46.89187344796055
-53.645016983616806
-54.13597509139126
-53.38530388332151
-43.49386551237066
-48.183722871138094
-45.95543237018887
-49.222146936901375
-48.08704050933866
-46.47999049506885
-46.13946148991655
-52.23549629733906
-40.33555460393994
-43.07541099171964
-48.4146655579802
-37.55861699776597
-41.53576567200036
-38.18929574178284
-44.2236262712656
-35.667204621088544
-39.50861330951486
-34.150392511957406
-37.1623222767453
-39.798184804585844
-36.4840603510061
-33.02625965788435
-34.43356835516434
-34.47191430818458
-33.91229509898641
-36.32528524287028
-33.966759059981925
-38.83405683333387
-39.0250744257303
-38.260259713843574
-37.3275444501801
-38.09795933027054
-34.90668817854157
-36.121967668909015
-34.41611309686712
-32.223183033038744
-36.57845323356562
-31.276843439413106
-33.97826391661977
-36.725399987748716
-32.33333591242903
-33.40127326381246
-35.680812475894776
-30.15720212621096
-34.85567814582179
-40.271404974593864
-34.121929309728316
-30.38832160814669
-30.314792726801617
-34.90503307820041
-36.8384687201827
-35.057286694500206
-30.32669246255279
-36.17960924486775
-38.2528736876552
-35.64182601863187
-35.16975765432894
-36.22497748173566
-36.77091192285987
-37.59416338108405
-36.01247569451236
-33.212912909838494
-33.68841551701588
-33.68890588051278
-36.14050877865306
-29.92503030527434
-34.31850280238147
-36.60063502123527
-36.65309044775829
-36.87550437068211
-32.5767617201169
-33.96393584611617
-36.83421814752021
-31.356695232448217
-39.14263521797967
-38.03402344421466
-38.57528502410217
-35.74272105121781
-36.98307228151419
-37.44980818690573
-33.5115515702889
-36.643706313952606
-36.117334257608405
-34.07679723616026
-32.392264399457446
-36.75911687942575
-35.435439757965895
-38.17753989665447
-31.08543990357162
-35.82803031250408
-33.16515848607184
-33.481779716987326
-36.74673756180255
-30.99151328483206
-32.23330917655858
-35.65415488113787
-31.796049757717864
-38.234902375589996
-33.346399670104404
-31.997425830306597
-29.182066034416867
-34.63193136309196
-30.678885964599452
-36.67164432265822
-35.136915787766945
-32.00119273501442
-33.15703555531596
-35.271232691047985
-46.22633804210341
-50.23000057390209
-46.07902955537299
-47.28767970219839
-46.597343514528255
-53.13530198974689
-51.25973131532549
-48.82462820740584
-53.756350464567205
-43.06464339184399
-53.81678326565485
-46.390409827352514
-48.9714536106607
-45.316417084758015
-43.087369555051
-47.014683711806654
-48.85473581362868
-43.98807199611195
-46.25637466098139
-49.53766221537806
-46.33678731727137
-39.870206705401415
-37.63007018531067
-38.03790335293645
-32.807775928698106
-36.21027312459722
-28.844206593598706
-32.329864406876005
-31.128811700639663
-29.105915734644082
-24.903222929266164
-21.599256363641594
-28.407490530012716
-26.203134443541153
-26.136324990917082
-26.336400090611416
-22.826000522010887
-26.867564163033663
-21.456861882291413
-32.73801663116785
-24.4295770607446
-30.174924560517656
-28.541469504149994
-26.18304366890925
-22.590114667652013
-24.663712732894687
-25.48356911601015
-26.64608477146804
-29.948332039592916
-21.94157036143742
-23.3824926104003
-26.77046411359978
-30.818590231929477
-31.768311633472518
-28.521897535774883
-27.660720923575912
-24.041803859930873
-29.227356181385755
-30.73125513991399
-32.23225952929023
-29.214245920283126
-20.307212126138666
-26.716446395412184
-29.126842184531966
-29.184264385226623
-25.248881558113922
-23.330862672082063
-28.777139045088862
-29.870573170290243
-23.007070628531544
-26.659962967181023
-28.663935127713252
-22.288894848091353
-30.165080605231587
-28.25944168360512
-25.93281324279902
-27.610530172918008
-26.411268042986976
-22.92402275558726
-20.141700283434176
-23.967960725196374
-28.64224926082406
-23.25573741526788
-31.175720619880494
-26.358411420559314
-22.133179582659892
-29.43137387616096
-26.261215745294383
-25.39874404114549
-29.842436703785783
-22.20347974917444
-30.5371177691205
-27.53265788078328
-21.819354996024757
-22.57895955400464
-24.117030427574896
-21.587821805050126
-29.004877225240286
-30.578128653188294
-20.76492140090873
-26.521448741510202
-22.064970627844332
-28.30576104785491
-20.953939137185294
-22.44597698604673
-30.19173066751143
-22.855916565245565
-30.641499087495827
-26.52171878171985
-24.3169757885862
-28.936990433158883
-26.59197937228525
-24.14369491017719
-28.61238371682616
-28.784689552137586
-27.38480353886625
-24.74921796147033
-30.56974881488834
-25.3395985896228
-26.024280852780656
-27.556375346199477
-25.101780095003818
-24.39205588538686
-28.791669822966874
-26.158736111306613
-23.421461133241134
-28.527415714858222
-30.380043723619426
-25.843527580300197
-29.45044407106712
